Grid No. 1
069000000
000040030
080000000
000800610
400000900
500020000
200900005
000601000
000000000
Grid No. 2
600350000
200000080
000000001
500400300
000201070
000000000
017000000
000090500
080000000
Grid No. 3
700100000
000700300
000008400
200000050
000030600
100000000
060000010
030040000
000500070
Grid No. 4
720610000
000002005
000000090
015000200
000930000
000000040
300800000
000000100
900000000
Grid No. 5
000060008
040300000
010000500
000105040
600000200
700003000
200070000
000000010
000000600
Grid No. 6
000015009
700000400
000000000
003890700
050000000
000700000
000000320
100000050
090600000
Grid No. 7
000010407
020300000
060000008
030200000
500000100
000000000
400050000
100000080
000600020
Grid No. 8
000025010
030000000
000010000
040300600
070000400
500000000
800600000
000400300
100000020
Grid No. 9
031000005
000800020
000000000
200000100
700400000
000000083
000031900
640000000
000050000
Grid No. 10
080090100
600000030
000000000
020000908
000403000
000600000
801000000
000700020
590000000