Grid No. 1
069000000
000040030
080000000
000800610
400000900
500020000
200900005
000601000
000000000
Grid No. 2
600350000
200000080
000000001
500400300
000201070
000000000
017000000
000090500
080000000
Grid No. 3
700100000
000700300
000008400
200000050
000030600
100000000
060000010
030040000
000500070
Grid No. 4
720610000
000002005
000000090
015000200
000930000
000000040
300800000
000000100
900000000
Grid No. 5
000060008
040300000
010000500
000105040
600000200
700003000
200070000
000000010
000000600
Grid No. 6
000015009
700000400
000000000
003890700
050000000
000700000
000000320
100000050
090600000
Grid No. 7
000010407
020300000
060000008
030200000
500000100
000000000
400050000
100000080
000600020
Grid No. 8
000025010
030000000
000010000
040300600
070000400
500000000
800600000
000400300
100000020
Grid No. 9
031000005
000800020
000000000
200000100
700400000
000000083
000031900
640000000
000050000
Grid No. 10
080090100
600000030
000000000
020000908
000403000
000600000
801000000
000700020
590000000
Grid No. 11
100500300
000306000
200000000
600000002
000030040
000700000
003000780
040012000
000000000
Grid No. 12
000300200
910000000
000000000
047500000
001700000
000000890
000096004
200080000
000000010
Grid No. 13
500092000
100000600
000000000
000010092
800600000
000000050
020400300
070300000
009000000
Grid No. 14
000085000
900000300
000040000
081000040
000200070
000000008
200900600
000000503
040000000
Grid No. 15
035800000
000020700
000000000
400070001
700000060
000000050
280000400
000305000
000600000
Grid No. 16
100000800
002070000
000030500
430000070
000500100
000600000
600100000
050000030
000020000
Grid No. 17
010040670
300800000
000000500
000071000
900000030
000000000
040000200
000900008
007300000
Grid No. 18
700300000
000000140
000000000
000081300
200040000
570000000
060500007
001003000
000000020
Grid No. 19
800720000
000060030
000000600
030000500
000600400
200000000
004100000
000008020
060000070
Grid No. 20
013000500
000900040
000000000
000013008
620000000
000050000
400000063
700200000
000000100
Grid No. 21
100000072
700500000
000300000
000600803
400010000
000000000
003000500
020004000
000070040
Grid No. 22
089000700
000201000
000000000
510300060
000090400
200000000
100000020
300070000
000400000
Grid No. 23
000050060
402000000
000001000
000300204
018000000
000000700
050060010
700200400
000000000
Grid No. 24
700500008
300000060
000020000
670300000
000400200
000000100
042010000
000000073
000000000
Grid No. 25
600043000
000000100
000009000
007100200
300060000
020000000
400000035
000800060
000200000
Grid No. 26
350000020
000410000
900000000
000700104
820000000
000000600
001600200
000009050
000000000
Grid No. 27
800000305
000067000
000400000
070010060
500000800
000000000
060305000
002000010
000800000
Grid No. 28
080004050
000700300
000000000
010085000
600000200
000040000
302600000
000000041
700000000
Grid No. 29
040000860
000091000
700000000
300000001
020400000
000500000
109020000
000000540
200000000
Grid No. 30
070030400
800000090
000000000
600809000
001000503
000200000
053070000
000000100
000000080
Grid No. 31
300000004
070600000
000100000
008000010
000002300
000030000
050000160
200074000
000000800
Grid No. 32
050000200
600010000
000800000
070900000
000000031
000000460
000500702
300060000
100000000
Grid No. 33
002600030
400070000
000000000
000010407
083000000
000000100
000302060
750000000
000800000
Grid No. 34
000800090
420000000
600000000
010064000
007000030
000050000
500000604
200300000
000000100
Grid No. 35
000500002
010000070
003000000
007000160
000800400
500200000
000010300
860000000
200000000
Grid No. 36
100000060
000200000
000000700
000800207
070000400
300000000
000006031
020030050
008000000
Grid No. 37
000200600
304000000
010000008
200000700
000080040
000001000
000760500
060300000
000000010
Grid No. 38
400010070
020000500
000000000
300000001
000206000
000500600
000090040
205000000
068000000
Grid No. 39
600002700
008050000
040000000
700000200
000480000
000300000
200003000
000000049
100000030
Grid No. 40
640002300
000500000
000100000
105700000
000030200
800000000
000000017
030040000
000000050
Grid No. 41
500000079
000601000
400000000
000090300
700050000
080000600
062300000
000000050
010000000
Grid No. 42
002600030
400070000
000000000
000010705
034000000
000000100
000302060
750000000
000800000
Grid No. 43
030500000
000000004
000000060
604000100
000300700
200000000
000064020
000010300
080000005
Grid No. 44
100000730
000506000
000009000
000010003
000000056
400000000
060200000
000080400
590000000
Grid No. 45
800000400
000000607
000350000
030200050
600007000
000000000
010030020
700006000
400000000
Grid No. 46
040035000
600000100
000000000
100200000
008000004
000000030
035000070
000640200
000100000
Grid No. 47
400000600
000070050
000001000
000430200
017000000
050000030
800600300
000200000
000000010
Grid No. 48
090007001
062000000
000300000
000002500
800000300
000060080
000040020
500800000
300000000
Grid No. 49
700000010
000400003
000000000
140000060
000090200
080030000
600105000
000002800
000000300
Grid No. 50
078400000
000000100
000600000
100000340
000700005
200000000
060000084
300010000
000002000
Grid No. 51
600070300
100090000
020000000
703000000
000500020
000000080
400000700
000200400
000805000
Grid No. 52
530900000
000000601
000000000
201000700
600035000
000000090
080400070
000060000
050000000
Grid No. 53
000000520
800100000
200000700
053000060
000400001
070080000
000050300
400600000
000000000
Grid No. 54
300048000
000000100
000030000
020100700
504000000
000600000
600000043
000200050
010000000
Grid No. 55
000700082
051000000
000000000
600809000
030000100
000000000
000010560
000230000
800000400
Grid No. 56
100000002
000080070
000010000
400300600
508000100
000700000
070002000
000600030
000000400
Grid No. 57
000600390
010200000
700000000
500087000
060000010
000000000
400000700
000000508
020100000
Grid No. 58
000800001
900000500
000000000
410050000
003000080
000000700
000108040
020300000
500000600
Grid No. 59
000800001
200000500
000000000
410050000
003000080
000000700
000108040
020300000
500000600
Grid No. 60
000800001
600000500
000000000
401050000
030000080
000000700
000108040
020300000
500000600
Grid No. 61
000605000
200000400
000000000
076000040
000100200
000830000
000000057
000004006
100020000
Grid No. 62
000080040
027000000
000000006
000700300
600000008
000500000
030061000
100000750
000000200
Grid No. 63
000050080
600000200
010030000
200700400
308000000
000000001
005000030
040600000
000100000
Grid No. 64
160040000
000500802
000000000
208300000
000009040
005000000
040000060
000200500
700000000
Grid No. 65
000070042
100600000
000000070
520100000
300000500
000080000
000300600
074000000
008000000
Grid No. 66
100000300
030004000
000200008
000010640
020700000
508000000
600030000
000000001
000000020
Grid No. 67
300000021
060700000
000400000
040600500
000010003
000000000
801000000
000020600
000000740
Grid No. 68
000018200
040000070
000003000
060400005
300000100
000000000
801000300
000650040
000000000
Grid No. 69
000605000
200000900
000000000
076000040
000100200
000830000
000000057
000004006
100020000
Grid No. 70
061000000
000030009
000000020
900000030
000600800
000500700
050100006
300020000
000000400
Grid No. 71
050040300
200000070
000000000
000602080
031000000
000700000
600200000
000000403
000010500
Grid No. 72
000056000
000070090
000000001
000000370
060000500
100400000
400100080
050000700
000200000
Grid No. 73
400006050
000000309
000800000
000120800
500700000
600000000
000050040
080003000
010000000
Grid No. 74
020700010
000000030
000000090
000120600
900080000
300000400
010200500
400003000
000000000
Grid No. 75
041000000
000300500
000200000
200500300
000040060
800000000
060010040
370000200
000000000
Grid No. 76
010800020
000000030
000000090
000120700
900050000
300000400
020500600
400003000
000000000
Grid No. 77
500100060
000030700
800000000
400506000
070000200
000800000
032070000
000000051
000000000
Grid No. 78
000600072
051000000
000000000
600709000
030000100
000000000
000010580
000230000
700000400
Grid No. 79
280030000
000500040
000000000
300000802
000407000
000100000
064000070
000010300
005000000
Grid No. 80
820030000
000500040
000000000
300000802
000407000
000100000
064000070
000010300
005000000
Grid No. 81
000000084
730000000
000100000
008050000
000200400
040000007
200000060
000004100
000037000
Grid No. 82
704800000
100000500
000000000
030056200
000002001
008000000
250000090
000410000
000000000
Grid No. 83
000200040
800000300
010000000
002004000
000080050
070000100
000710600
400500000
000000001
Grid No. 84
050000300
000100040
000200000
400700000
002000800
000050600
560030000
000004020
000000001
Grid No. 85
140000700
000000400
000800000
802003000
000040600
000000010
060570000
000100002
000000080
Grid No. 86
010530000
460000200
000000800
070000010
800002000
000000060
200000400
000670000
000100000
Grid No. 87
470000000
000500100
000000030
040000002
000034000
000080600
801000040
000007500
000200000
Grid No. 88
000050103
020600000
000040000
080200060
000000900
000030000
000700240
301000000
500000000
Grid No. 89
000020800
500000004
010000000
208040000
000300100
000000070
000700030
600100000
400000002
Grid No. 90
700408600
000000001
300000000
050021000
400000070
000000000
002350000
000700400
010000000
Grid No. 91
040010000
000000300
000000070
003502000
600000010
000700004
300000700
016000000
000800500
Grid No. 92
032500000
000600010
000000000
000080203
610040000
000000500
407000080
000300000
800000000
Grid No. 93
500200030
601005000
000000000
100006400
030070080
000000000
070830000
000000601
000000000
Grid No. 94
081000000
000400050
000020000
000001800
500000020
000300000
640000300
200050000
000007001
Grid No. 95
000760200
400800000
150000000
000001040
030000800
020000000
000200003
600000010
000080000
Grid No. 96
750000020
008600000
000001000
040020000
000050900
000000806
609800000
000000050
300000000
Grid No. 97
050100200
600040000
003000000
000060007
001000040
020007000
700408000
000000130
000000000
Grid No. 98
307090000
000000200
100000000
000103000
004000090
020000800
000240030
650000001
000000000
Grid No. 99
070240030
200050000
000000800
030806000
000000001
000000500
000300080
104000000
500000000
Grid No. 100
000200804
000900300
100000000
500006010
000040000
000008000
084030000
000700050
020000000
Grid No. 101
000200804
000900300
100000000
500006010
000080000
000004000
048030000
000700050
020000000
Grid No. 102
006083000
010000200
000000000
803000050
000100400
000000006
740200000
000400100
000000080
Grid No. 103
300000001
000704000
000200000
020500400
607000000
000080030
100030000
000000250
000000700
Grid No. 104
500170000
030000200
000600000
000024800
100000000
000003000
028000000
004000006
000700050
Grid No. 105
090070020
000030600
000000000
000501090
300000807
600000000
800000300
050900000
000400000
Grid No. 106
700000100
000300000
000600000
038000000
000010200
006000050
010000460
200070000
000500030
Grid No. 107
800000100
000300000
000700000
039000000
000010200
007000050
010000470
200080000
000600030
Grid No. 108
000400520
108000000
000000000
050340000
300000008
000200010
040000300
600070000
000001000
Grid No. 109
000400520
701000000
000000000
050340000
300000007
000200010
040000300
600080000
000001000
Grid No. 110
400020000
000000001
000000060
000040270
016000000
800000000
007603000
050000400
000800300
Grid No. 111
030020000
000500070
000000010
040030600
000000200
100000000
006000403
500701000
000800000
Grid No. 112
301000000
000020006
000000070
070060000
000000903
500000100
400301000
080000020
000500000
Grid No. 113
000035080
201000000
000000000
700200000
080000030
000006000
600100200
050080000
000000407
Grid No. 114
031600000
000040050
000000000
070106000
000000028
000300000
402050000
500000600
000000100
Grid No. 115
401000000
000800020
000000003
600504000
070000080
000010700
020300000
000000401
000000900
Grid No. 116
000023600
010000050
000000000
302070000
000500040
600000000
000100008
050400000
700000300
Grid No. 117
080010300
000600040
000050000
040200007
000030100
000000000
100700000
000400020
503000000
Grid No. 118
000000630
070500000
000000400
604000100
000820000
300000000
000160007
020000050
000004000
Grid No. 119
020070000
500000100
000000800
000020073
100500000
000000000
000100506
073000040
000800000
Grid No. 120
300026000
000000401
500000000
200000060
000005030
040100000
000410700
000800000
600000000
Grid No. 121
030000020
000040500
600700000
080302000
000000401
000000000
405060000
000500030
100000000
Grid No. 122
108000006
000703400
000000000
040000570
500010000
000000030
070500000
000080001
200000000
Grid No. 123
030000020
000010400
600700000
050302000
000000801
000000000
104050000
000400030
800000000
Grid No. 124
000405020
010700000
060000800
004000057
000060000
700000000
000090103
500000000
000000600
Grid No. 125
640000000
000080100
200040000
800000004
000001030
000200000
030700500
000600200
001000000
Grid No. 126
200140000
070000030
000000000
080003000
003000007
000060100
605000200
100700000
000000080
Grid No. 127
003050000
000800400
070000000
000008073
020000050
900100000
800000100
400006000
000070000
Grid No. 128
004000001
030080000
000300000
070020600
100000040
002000000
000004200
000000580
600100000
Grid No. 129
000038060
024000000
000000000
000070200
010400000
800000030
000600401
009000500
300000000
Grid No. 130
060302000
008000410
000000090
030500600
000010020
000000000
000700300
900020000
100000000
Grid No. 131
104000200
600500030
000000000
030000058
200014000
000000000
000020100
050800000
700000000
Grid No. 132
500010000
040000008
000000030
006000200
700000100
000800000
000420500
030500000
008000010
Grid No. 133
650000307
200800000
000100004
000200040
001000000
030000000
400050000
000030100
000000080
Grid No. 134
007200500
040000006
000000010
620000300
000047000
000060000
100800050
000000004
900000000
Grid No. 135
706040200
000000001
300000000
200000040
000109000
000600000
010800000
089000000
000000530
Grid No. 136
000120000
600000900
000300000
001000030
000080600
040009000
000007501
300400000
000000020
Grid No. 137
000800400
067000000
000000000
000017060
000060500
400000000
090000071
800405000
000200000
Grid No. 138
180400000
000090600
300000000
070003040
009020000
000000010
600001000
000500900
000000200
Grid No. 139
200000036
070400000
000000050
100500000
000200700
305000000
000036000
040000800
000010000
Grid No. 140
605000020
000071000
000000000
010000702
300600000
000040000
070000300
400800000
000500060
Grid No. 141
000004800
000501000
200000000
000030200
010000400
050600000
301040000
000700050
000000006
Grid No. 142
260080000
050000007
000000010
401000200
000750000
700000000
038000000
000004800
000100000
Grid No. 143
460030000
000000100
030000000
200105000
000800006
040000030
701000500
000200000
000000040
Grid No. 144
000002800
400500000
001000000
000710040
320000000
000000005
100000200
080040000
000600300
Grid No. 145
040000010
050200000
600003000
008000700
000000602
010040000
500010000
400000300
000600000
Grid No. 146
021000000
000040005
000000000
030106000
700000040
000200000
400000107
500080000
000000230
Grid No. 147
090830000
600000509
000000000
000020030
500900000
000000100
023000080
000001700
000500000
Grid No. 148
050000010
000200400
000000000
430000200
000501060
000070000
200000300
000030050
007000008
Grid No. 149
087040000
000070010
000600000
300102000
500000704
000000800
100300000
050000400
000000000
Grid No. 150
300060000
000100800
000000005
000030960
005000400
010000000
000502007
900000030
000800000
Grid No. 151
407300000
000000100
600000000
210000500
000480000
000700000
000002047
050060000
000000030
Grid No. 152
000670500
400000001
030800000
105000200
200300000
000000080
000051000
060000030
000000000
Grid No. 153
060302000
007000410
000000080
030500600
000010020
000000000
000600300
800020000
100000000
Grid No. 154
074000000
000010600
000080000
890000100
000402000
500000000
000700043
000300020
100000000
Grid No. 155
570000040
100003000
000800000
008000030
090200000
000040000
600050100
000000908
000000200
Grid No. 156
006003000
010000040
000050000
200000300
090100000
500000000
080000109
300020000
000400050
Grid No. 157
100052040
000060000
000000300
000300706
500700000
000000800
002000050
030800000
000000001
Grid No. 158
100500006
000400020
030000000
000020890
705000000
600000000
000600100
009030000
020000000
Grid No. 159
607000005
000800400
100000000
200000060
010300000
000400000
540070000
000060010
000000300
Grid No. 160
000068010
025000000
000000000
100500000
000200700
006000040
600010002
070000300
000400000
Grid No. 161
000080200
050003000
000000400
000040600
080000030
005700000
300000057
600900000
000100000
Grid No. 162
000029000
000000100
000030000
009000020
080004000
050700000
000100805
300800600
200000000
Grid No. 163
700500004
000100300
000070000
610000070
000300008
000002000
000010250
403000000
000000000
Grid No. 164
074000000
000010600
000090000
890000100
000402000
500000000
000700043
000300020
100000000
Grid No. 165
020000100
000308000
000400000
000010500
400000008
070000030
100000700
605000000
004800000
Grid No. 166
000000102
700400000
000000800
300000640
400009000
000010000
012600000
000500030
090000000
Grid No. 167
200000103
000506000
000000000
000730002
061000000
000000080
300020400
040000650
000000000
Grid No. 168
200000603
000501000
000000000
000730002
061000000
000000080
300020400
040000150
000000000
Grid No. 169
500000702
040000500
000010000
020500000
000030080
000000010
108600000
000700400
300000000
Grid No. 170
308004500
000610070
000000000
500038000
070000060
000000000
060200000
400000300
000700000
Grid No. 171
090500000
000000010
000000004
000820900
700000300
001000000
400001060
000600070
020000500
Grid No. 172
200000103
000507000
000000000
000830002
071000000
000000060
300020400
060000750
000000000
Grid No. 173
200000703
000501000
000000000
000830002
071000000
000000060
300020400
060000150
000000000
Grid No. 174
010600000
000430000
050000000
200000570
400300000
000080100
300000040
000050700
000002000
Grid No. 175
300000560
000701000
040000000
200000081
507030000
000000000
081400000
000050300
000000000
Grid No. 176
300000670
000501000
040000000
200000085
601030000
000000000
085400000
000060300
000000000
Grid No. 177
309004500
000610070
000000000
500039000
070000060
000000000
060200000
800000300
000700000
Grid No. 178
007000200
010080000
000000508
200000300
000760000
000100000
064000010
500003000
000200000
Grid No. 179
070003000
040080000
000000600
600500100
000070040
001000000
500601000
000000073
000200000
Grid No. 180
300000560
000701000
040000000
200000081
507030000
000000000
081200000
000050300
000000000
Grid No. 181
300000670
000501000
040000000
200000085
601030000
000000000
085200000
000060300
000000000
Grid No. 182
500740600
001000000
000000700
400000012
060300000
000000000
040000380
000012000
000500000
Grid No. 183
010600000
000430000
050000000
200000580
400300000
000070100
300000040
000050700
000002000
Grid No. 184
103500200
000040070
600000000
040087000
300000001
000000000
000000840
200100000
000300000
Grid No. 185
000620030
071000000
000000000
900040050
200010000
000000800
000700102
350800000
000000000
Grid No. 186
000405000
700000300
000000100
300700000
000080060
000030005
065008000
000200700
040000000
Grid No. 187
000500309
820000000
000000100
760000040
000190000
400300000
001000500
000020080
000000000
Grid No. 188
305000008
000021000
000000000
000600053
690070000
000000000
020000710
400300000
000000200
Grid No. 189
000001080
060000700
000040000
000700209
408600000
100000000
000030040
007900000
020000000
Grid No. 190
930000000
000410000
000050800
000000104
760000000
000000500
000206030
000300070
001000000
Grid No. 191
000000420
308000000
900000000
000580100
040000700
000300000
070004050
000600030
000000008
Grid No. 192
305000008
000021000
000000000
000400053
790060000
000000000
020000610
400300000
000000200
Grid No. 193
200060007
080020000
000001040
600000201
000400000
000000300
040300050
001000000
000000800
Grid No. 194
000302000
600000400
001000000
780500000
000040600
000000100
500000032
030000080
000010000
Grid No. 195
600020000
000000041
000080000
000500200
000000360
017000000
050107000
300000800
000400000
Grid No. 196
700050000
000000041
000020000
000600200
000000370
018000000
060108000
300000500
000400000
Grid No. 197
007040000
000001000
000000200
000300900
010000400
650000000
200790000
000800050
009000001
Grid No. 198
060701000
500000030
000000000
000030002
400800000
070000100
302060000
000400080
000000700
Grid No. 199
000170000
400000008
000030000
230000000
000000607
000000010
050600200
007000030
003008000
Grid No. 200
000307000
060000020
100500000
305000400
000080060
000000000
020006000
000400500
000010300
Grid No. 201
080000090
400030000
000000000
090800060
050040000
001000000
200000304
000500200
300900000
Grid No. 202
056000200
000470000
300010000
010000060
000600800
700000000
008200000
200000007
000000010
Grid No. 203
000040050
000029000
300000800
000800001
024000000
050000000
800600000
000050040
000700300
Grid No. 204
007000050
010080000
000040300
040200001
300050000
000000070
400600500
000701000
000000000
Grid No. 205
080000200
000043000
000170000
700000030
000600800
001000000
060200500
300000074
000000000
Grid No. 206
000700030
800000500
000001000
200080600
000300070
000000040
001050200
037000000
040000000
Grid No. 207
000020040
800000100
100900000
026050000
000000800
040000000
900801000
000000065
000300000
Grid No. 208
042900000
000060030
080000000
000400200
100000050
000000000
000800401
300010900
500000000
Grid No. 209
000070005
060040000
010000000
500603000
700000002
000100400
200800000
000000630
000000010
Grid No. 210
020600500
009000030
000000800
401000090
700500000
000200000
500000600
030090000
000010000
Grid No. 211
400060000
000000051
000020000
000700200
000000430
018000000
070108000
300000600
000500000
Grid No. 212
021030000
000600050
000000009
600500000
000000200
000040000
000720100
400000030
580000000
Grid No. 213
045000080
009200000
000300000
200700400
600080050
000000000
300000200
070050000
000001000
Grid No. 214
020607400
800000090
000200000
500030080
060000700
000000000
070000600
300080000
000000001
Grid No. 215
601030000
000500070
000000000
070000040
500001000
000060008
200000600
000700300
050400000
Grid No. 216
000060080
020000000
001000000
070000102
500030000
000000400
004201000
300700600
000000050
Grid No. 217
050000080
000003000
000400000
304200000
000070090
600000000
000006403
000010200
070500000
Grid No. 218
000700600
024000000
080000000
600004100
000020007
000058000
000000028
000300050
100000000
Grid No. 219
050900000
000400070
000000030
000070005
010000800
400000000
000105600
700060200
003000000
Grid No. 220
402000070
000600300
000001000
700020000
050000600
000000100
000740020
063000000
000800000
Grid No. 221
000070020
003000500
600000000
170000040
040800000
000300000
500000803
000240000
000006000
Grid No. 222
000030082
401000000
000000000
000406500
080000030
000700000
000500700
600000400
030020000
Grid No. 223
000020050
300000100
000006000
060050020
100400300
000000000
000108000
020000070
000300400
Grid No. 224
200100000
000000430
000008700
030740000
000000001
050000000
000060350
108002000
000000000
Grid No. 225
201000000
000100007
000000580
000042300
050060000
080000040
300000600
000800000
000700000
Grid No. 226
080070100
500004003
000000000
070000820
001300000
000500000
600080070
300200000
000000000
Grid No. 227
030890000
100000060
000000000
006000079
000030500
200000000
050001300
004600000
000000900
Grid No. 228
500100000
000000072
000800000
100500300
060020040
000000000
300000001
040070000
000040500
Grid No. 229
000600001
200000040
000050000
006700500
010000020
000300000
800024000
400000600
000000300
Grid No. 230
000800050
700000300
000200000
100000704
020130000
000000600
600004000
010000020
000070000
Grid No. 231
030090000
700000004
000000010
200060800
000500900
100000000
000104000
090000300
050700000
Grid No. 232
400580000
000000607
000000000
000010840
007003000
030000100
000706090
100000000
000200000
Grid No. 233
725060000
000000310
000000000
040000800
000502000
000100000
001000002
300800000
000030400
Grid No. 234
041000000
600030000
000200000
700500008
000004000
000100000
020000910
000090200
800003000
Grid No. 235
600000100
000503000
000700000
020100000
000020600
007000003
340080000
000000270
000000050
Grid No. 236
502000000
000050080
000013000
600740000
000000301
800000000
000600050
000200400
010000000
Grid No. 237
000600200
000230000
100000000
400008053
600000070
000000000
037050000
020700000
000000100
Grid No. 238
000800300
400700000
000000020
021000050
000400000
000030000
060000207
000020400
500001000
Grid No. 239
030050900
000000480
000000000
007030100
804200000
200000000
050000007
000400020
100000000
Grid No. 240
050201000
000000370
000500600
803040000
000000001
400000000
000030480
020100000
000000000
Grid No. 241
200030000
004000600
000008000
030600000
000400100
000005400
780000003
000040020
000100000
Grid No. 242
800000013
000674000
000000000
300500100
000000706
000080000
000200080
041000000
070000000
Grid No. 243
000500001
000302000
890000000
000090750
120000000
003000000
600070400
000003020
000000000
Grid No. 244
000070800
000008400
300000000
050000031
100000070
000040000
008600200
020300000
000100000
Grid No. 245
000080320
104009000
000000000
030020000
700000001
000000050
000107009
020000700
000400000
Grid No. 246
100070040
000038500
000000000
008000602
000900010
030000000
020000300
900100000
000000008
Grid No. 247
700000010
000508000
030000000
600270000
040000300
000100000
102000009
000034800
000000000
Grid No. 248
700010000
090000080
000000000
600000102
040809000
000300000
102000600
500000090
000400000
Grid No. 249
002063000
000000401
000000000
030000560
400800000
000000000
000020630
170400000
800000000
Grid No. 250
600100000
090000080
000000000
084000090
000200300
070006000
000087000
100030000
200000600
Grid No. 251
300050000
000000001
000000040
500000800
000700300
080400000
000230500
004006000
010000070
Grid No. 252
000020034
601000000
000000000
040530000
700000600
000000080
000607500
030000007
000100000
Grid No. 253
200010000
000000403
000000500
005307000
000000260
000000000
820000070
000500010
600400000
Grid No. 254
270500040
000009600
000000000
000093000
050000020
000000000
600820000
800000309
000000100
Grid No. 255
040100000
500000020
000040000
000500104
807000000
000000600
000007083
002060000
010000000
Grid No. 256
000050208
610000000
000009000
007400010
300020000
000600040
200000500
000107000
000000000
Grid No. 257
095000040
000010000
020000000
800000106
000402000
000000300
300060000
100900000
000700050
Grid No. 258
600800000
000200003
000000040
000700610
054000000
000000200
000040706
000035000
100000000
Grid No. 259
070300000
500000010
000009050
020000708
000610000
040000000
600700200
109000000
000000000
Grid No. 260
000200019
300000000
700000000
600070300
000460000
090000050
000085700
010900000
000000000
Grid No. 261
000100085
200000000
700000000
600070200
000360000
080000040
000094700
050800000
000000000
Grid No. 262
630700000
000900200
000000100
300005080
040020000
000010000
502000400
000400030
000000000
Grid No. 263
500000720
000010000
200000000
000203080
090000000
000800000
467300000
000000901
300000000
Grid No. 264
053008070
040000200
001000000
600040000
000000001
000000090
200060400
000109000
000300000
Grid No. 265
600020070
040500003
000000000
105000020
000400800
000300000
000010500
700000900
000000004
Grid No. 266
000038060
024000000
000000000
000070200
010400000
800000030
000600401
006000500
300000000
Grid No. 267
003600200
000090800
070000000
200500100
000070040
000003000
600200000
040000070
000100000
Grid No. 268
000092400
701000000
000000000
050000200
000810000
000700000
540300000
000000609
300000020
Grid No. 269
180400000
000090600
300000000
070003080
009020000
000000010
600001000
000500900
000000200
Grid No. 270
200074000
060000300
000000000
030100000
008000004
000002070
704000050
000630000
000000100
Grid No. 271
460800000
000200100
003000090
270000000
000090300
000010000
500700002
000000040
001000000
Grid No. 272
010000002
000040080
000600040
507030000
400080000
000000100
300000800
000100600
000200000
Grid No. 273
083600000
000070040
000000000
060108000
000000027
000300000
402050000
700000800
000000100
Grid No. 274
000607000
002400000
030000800
050030020
600000004
000010000
700000300
400700000
000000050
Grid No. 275
000300010
060050000
200000000
300600000
000500700
100000000
070000408
050002600
000010000
Grid No. 276
030700040
100090000
000000000
020680000
000002100
000000509
801000000
000400030
500000000
Grid No. 277
030200040
100080000
000000000
020670000
000002100
000000508
701000000
000400030
500000000
Grid No. 278
002100400
083000000
000000000
500400700
600020000
010000000
000008063
100700000
000000080
Grid No. 279
000020040
100000500
000006000
060040020
500300100
000000000
000108000
020000070
000500300
Grid No. 280
030600090
100080000
000000000
020570000
000002100
000000408
701000000
000300050
400000000
Grid No. 281
100020700
063500000
000000000
000400035
200010000
000000060
700000100
050600000
080000000
Grid No. 282
100020700
063500000
000000000
000400053
200010000
000000060
700000100
050600000
080000000
Grid No. 283
046200000
000400500
001000000
500302000
700000060
000000001
300000200
080060000
000000040
Grid No. 284
000000051
070030000
800000000
000501040
030000600
000800000
500420000
001000300
000000700
Grid No. 285
000204050
010000000
000007000
400000070
500010000
000600009
000080601
307000000
000000200
Grid No. 286
040000100
000602000
000500000
300100000
000030400
005000020
820070000
000000350
000000006
Grid No. 287
702000050
000041000
000000000
160030004
000200580
000000000
000500200
310000000
040000000
Grid No. 288
200705000
060000001
000400000
700000840
030060000
000000050
001030600
500000000
400000000
Grid No. 289
600208030
007000104
000000005
005010000
000040000
000000020
280300000
000000700
030000000
Grid No. 290
068000300
000701000
000000000
030080600
700000040
000000000
100400057
400060000
000200000
Grid No. 291
000200060
500000900
000018000
600350000
000000001
300000000
080700400
000600030
001000000
Grid No. 292
200700000
050000030
000000200
000031050
400000600
000000000
013000004
004600000
000029000
Grid No. 293
200700000
050000030
000000200
000013050
400000600
000000000
013000004
004600000
000029000
Grid No. 294
000304100
800500060
900000000
030200400
000080020
010000000
600090000
070000300
000000000
Grid No. 295
000320000
700600000
100000800
000081000
060000030
000000020
004000107
030400000
000000500
Grid No. 296
600702000
005000800
000000000
008030000
030000070
000000012
720000400
000650000
100000000
Grid No. 297
100500000
000904000
002000700
000000054
003020000
000000100
450060000
000000380
090000000
Grid No. 298
010700000
000050400
000000003
400300000
200000500
000100080
500020600
030000070
000004000
Grid No. 299
030600090
100080000
000000000
020570000
000002100
000000408
701000000
000300060
400000000
Grid No. 300
050400000
000030800
000000001
300080700
060000050
000200000
000506040
108000300
000000000
Grid No. 301
503000200
000410007
000000000
640700000
080000010
000000300
000100040
200030000
000005000
Grid No. 302
080000010
400070000
000030000
010200005
000060700
000000300
000105000
300000900
700800000
Grid No. 303
401000000
000800006
000000000
000014230
560000000
000020000
000003140
670500000
000000000
Grid No. 304
000030210
840000000
000000000
300000501
006400000
000007300
000850000
070000040
001000000
Grid No. 305
360000040
200500000
000100700
041000000
000200008
000000300
000060010
700040000
000000005
Grid No. 306
016000040
300200500
000000000
040000018
200300000
060000000
000018000
700000200
000040000
Grid No. 307
000200006
040000050
010000000
600030005
000074100
200000000
500800000
000003070
000000400
Grid No. 308
000020001
804000000
300000000
000608040
020000700
000300000
600400080
070010500
000000000
Grid No. 309
000000613
000540000
000000070
050900200
301000000
000000000
700031000
080000509
000000000
Grid No. 310
070020000
010000500
000300040
000607100
200000060
080000000
400200000
300000008
000000700
Grid No. 311
030700040
100090000
000000000
020680000
000002100
000000509
801000000
000400060
500000000
Grid No. 312
400050100
030600000
000000000
501000700
000304000
060800000
000000286
100000000
000000030
Grid No. 313
200000006
000700300
000001000
500020040
070300800
000000000
037600000
000040025
000000000
Grid No. 314
200000040
000600300
000100000
030000070
000070020
001000000
780020000
000005600
000300100
Grid No. 315
000900050
300006000
080000700
007400100
000000200
600000000
800000063
000700080
000010000
Grid No. 316
000000012
800040000
000000060
090200000
700000400
000501000
015000000
000030900
602000000
Grid No. 317
000000021
800040000
000000060
090200000
700000400
000501000
015000000
000030900
602000000
Grid No. 318
002090300
801000000
500000000
090060040
000000018
000000005
070000200
300500000
000100000
Grid No. 319
002090300
805000000
100000000
090060040
000000058
000000001
070000200
300500000
000100000
Grid No. 320
050000016
400030000
000000000
067000080
201000000
000040300
000706000
500000200
000100000
Grid No. 321
050000061
400030000
000000000
067000080
201000000
000040300
000706000
500000200
000100000
Grid No. 322
070000016
400030000
000000000
068000090
201000000
000040300
000806000
500000200
000100000
Grid No. 323
070000061
400030000
000000000
068000090
201000000
000040300
000806000
500000200
000100000
Grid No. 324
000000012
700060000
000000050
080200000
600000400
000109000
019000000
000030800
502000000
Grid No. 325
000030900
408000000
100000000
030070005
002000010
000000048
060000200
500800000
000100000
Grid No. 326
000030900
501000000
400000000
030080006
002000040
000000051
070000200
600400000
000100000
Grid No. 327
000000012
400090000
000000050
070200000
600000400
000108000
018000000
000030700
502000000
Grid No. 328
040500060
017000000
000000000
800000020
000013000
000407000
000000103
500600000
000080700
Grid No. 329
002090300
805000000
100000000
090060040
000000058
000000001
070000200
400500000
000100000
Grid No. 330
002090300
801000000
500000000
090060040
000000018
000000005
070000200
400500000
000100000
Grid No. 331
000030900
401000000
500000000
030080006
002000040
000000051
070000200
600400000
000100000
Grid No. 332
000000107
090020000
000000004
000401500
020003060
000700000
000090030
400800000
100000000
Grid No. 333
008001000
000020030
500000400
007600500
010030000
000000000
020000010
000500700
600400000
Grid No. 334
002090300
501000000
700000000
090060040
000000017
000000005
080000200
400500000
000100000
Grid No. 335
000500100
700030000
900000000
050200600
300000090
000100000
400090070
080000200
010000000
Grid No. 336
000350000
400000010
000090000
800601000
000000907
000000300
003000504
090700000
000000020
Grid No. 337
061000000
000200800
000050000
300000200
050010000
000700000
000040061
200300000
800000040
Grid No. 338
020400060
100080000
000000500
500602000
700000100
000300000
000010700
030000020
060000000
Grid No. 339
000023007
100000600
000050000
630000010
027000000
000400800
800600000
000000003
000000020
Grid No. 340
170000000
000800020
045000000
000014005
300000060
000070100
000000407
200300000
000000000
Grid No. 341
000017500
600000003
000040000
370000060
000200008
015000000
000000710
800300000
000000000
Grid No. 342
900800021
040050000
000000060
000902000
070000300
000001000
201000000
000030400
006000000
Grid No. 343
001000050
000200600
000030000
000501020
340000000
700020000
080000700
000405000
000000300
Grid No. 344
006000084
790000000
000000000
040860000
500000901
000300000
100009000
000400060
000000200
Grid No. 345
100020060
705000000
000000000
080000010
000503000
004700000
000400700
200000500
060010000
Grid No. 346
000081000
070000600
000000000
500000028
040700000
000000010
100300500
000670400
200000000
Grid No. 347
020000400
000507000
000300000
500000713
080020000
000000000
100060080
307000000
000400000
Grid No. 348
400000700
300200000
000010000
010040050
006003200
000000000
000600001
040000080
200007000
Grid No. 349
070000203
000100000
000000400
000500610
003200000
040000000
600037000
100000080
000040000
Grid No. 350
690002000
000000031
000000000
003140000
200000600
000300000
000710040
860000500
000000000
Grid No. 351
700900020
008010000
000000000
900207000
200000100
000000500
054000800
000700003
010000000
Grid No. 352
060000700
000050400
000001000
000600010
400700000
500000008
020300600
100080000
000000050
Grid No. 353
020000705
400300000
000600000
500000100
603000000
000800000
080070000
000000046
000050030
Grid No. 354
900601000
030000008
000000040
040080030
000300100
200000000
000520000
100000900
000040000
Grid No. 355
000350000
800000004
000200000
000010007
020005000
000000300
760800000
100000050
000000240
Grid No. 356
800001000
000400500
000300000
100000400
000500200
000030000
025000030
040000070
000080006
Grid No. 357
000000201
080400000
000700000
000540080
302000000
100000000
500032600
070000040
000000000
Grid No. 358
000057010
010000900
000020000
000400630
500800000
200000000
800090005
030600000
000000000
Grid No. 359
700000409
800200000
000000600
000048050
900000000
000010000
000307000
040000020
060900000
Grid No. 360
520000080
000601000
000000000
106400500
000090030
200000000
030780000
000000100
000000002
Grid No. 361
000600300
024000000
050000007
300200000
000500004
000000010
500000280
700040000
000010000
Grid No. 362
200010500
070300000
000400000
004000170
000009003
800000000
000045600
003000000
090000000
Grid No. 363
900000680
400070000
000000200
080000017
000420000
000000000
070801000
000900400
300000000
Grid No. 364
000200400
005000800
030070000
000108030
100400000
000000050
024000100
000050000
600000000
Grid No. 365
010070000
000800500
000000000
600000012
304500000
000000000
000012070
500000300
400009000
Grid No. 366
000000240
500030000
000000600
000005083
020600000
001000000
300000701
060400000
000200000
Grid No. 367
304100000
500007600
000200000
600030000
080000007
000000010
720000000
000080300
010000000
Grid No. 368
104000500
000002700
000300000
073600000
000000100
020000000
800040020
000010006
000000030
Grid No. 369
000600100
830000000
500000000
200000430
000100200
000750000
071000000
000080050
000030000
Grid No. 370
041000000
000023000
000090000
600000054
000800010
300000000
200000900
000100300
070500000
Grid No. 371
170000040
200800000
000600000
038000006
000010030
004000000
500000208
000300000
000000700
Grid No. 372
070000850
000012000
000300000
700000012
040900000
000000000
000670400
300000600
001000000
Grid No. 373
070000950
000012000
000300000
700000012
080600000
000000000
000870400
300000600
001000000
Grid No. 374
600000170
000300002
100000000
000017600
020000030
000000000
030200005
000460000
000000800
Grid No. 375
109000000
000700040
600000000
000090601
070300000
008000000
030000870
000006900
000020000
Grid No. 376
500006400
000300000
000000000
002040800
030250000
090000000
700004000
100000020
000000039
Grid No. 377
084060000
000700030
000000000
730100000
000000601
000000800
006040200
100300050
000000000
Grid No. 378
040000031
500720000
000000000
000000260
030001000
800400000
002060700
000003400
000000000
Grid No. 379
703000080
000012000
000000000
500700030
010050000
406000000
080000105
000000200
000300000
Grid No. 380
400600507
830000000
000000010
008091000
200000400
000080000
000400300
001000000
090000000
Grid No. 381
000900032
901800000
000000040
030002000
600000100
000040000
020080000
000700600
700000000
Grid No. 382
084000060
000320000
000000000
700000500
000002300
060004000
002000048
300050000
000100000
Grid No. 383
140070000
000200050
030000000
605000100
800000700
000300000
000500023
000014000
000000000
Grid No. 384
061000800
000390000
000000000
089001000
500000003
000000020
200430000
000200060
000000100
Grid No. 385
010004600
000090003
000000000
020800700
000350000
400000000
000000210
003500000
900000400
Grid No. 386
000020050
600000300
800000000
000001006
004050000
900000008
070608000
000000240
000900000
Grid No. 387
002010000
070000300
060000800
000300500
400000010
000607000
100000020
300800000
009000000
Grid No. 388
600302000
050000010
000000000
702600000
000000054
300000000
080150000
000040200
000000700
Grid No. 389
030000410
800500900
000000000
090001000
000030020
400000008
206800000
000000100
000200000
Grid No. 390
000800004
010020000
092000000
300600087
000000050
000090000
000400200
700005000
000000100
Grid No. 391
300700020
000001600
000000000
000200070
016000000
050000000
800420300
900000100
000000500
Grid No. 392
810000000
000500300
000400007
700000005
000002060
000010000
000060120
500700000
040000000
Grid No. 393
800000001
400600000
000300000
060000030
100080000
000000600
058000070
010020000
000400900
Grid No. 394
007400500
600002000
000000000
000710800
200000100
300000000
500000030
040900000
000000026
Grid No. 395
240000006
000510800
000000000
030800900
400000010
000300000
100002000
005000300
000040000
Grid No. 396
340002000
010000070
000080600
200050000
000700010
030000000
500000200
600000005
000100000
Grid No. 397
210300000
000060050
000000000
300000702
004050000
000000100
000102080
036000000
000700000
Grid No. 398
000010800
090000030
200000000
400503060
701000004
000000000
050200000
008000100
000300000
Grid No. 399
000010800
090000030
200000000
400503060
701000004
000000000
050200000
008000100
000600000
Grid No. 400
600302000
010000050
000000000
702600000
000000084
300000000
080150000
000080200
000000700
Grid No. 401
000600310
002004000
050000700
090810000
000000002
000000600
306700000
000000090
200000000
Grid No. 402
006070040
050000200
000000000
520000100
000040000
000600000
000302500
708000060
000001000
Grid No. 403
350002000
010000080
000090700
400060000
000800010
030000000
600000200
700000004
000100000
Grid No. 404
060000500
000007006
007200000
200000080
003000400
000061000
400050000
000300070
050000000
Grid No. 405
040050067
000900040
000200000
100800300
000000200
060000000
000040050
300000800
200000000
Grid No. 406
006300075
010000000
000200000
500000002
000008400
000010000
000040810
300500000
200000000
Grid No. 407
020050640
310000000
000080000
000620000
800000070
000000001
000307000
009000200
000100000
Grid No. 408
040050067
000100040
000200000
100800300
000000200
060000000
000040050
300000800
200000000
Grid No. 409
300107000
020000800
000000000
000300047
080060000
000000010
107000300
000520000
400000000
Grid No. 410
500020800
060001000
000000000
300000006
200080000
000500040
041600000
070000900
000000200
Grid No. 411
710020008
000000060
400000000
006500010
035000000
000000400
200000900
000603000
000100000
Grid No. 412
007100000
000008900
600000000
000000041
000200070
300000000
580000300
000720000
100040000
Grid No. 413
000350900
600000400
001000000
200800000
030900000
000000060
000046010
390000000
700000000
Grid No. 414
000010600
300000020
700000000
000702000
010000800
500300000
000200035
400000007
060000000
Grid No. 415
000000602
300800000
000200500
200300040
067000000
010000000
000076100
800000030
000000000
Grid No. 416
007100000
000008500
600000000
000000041
000200070
300000000
580000300
000720000
100040000
Grid No. 417
607000030
050010000
000000000
200305000
080000104
000700000
000600800
003000050
400000000
Grid No. 418
000010063
209000000
000000000
000905100
000280000
030000000
500000900
060030000
000800040
Grid No. 419
054300000
000060070
000000000
760020000
000500308
100000000
002400000
000003500
000000060
Grid No. 420
000081000
600000030
004000000
020000805
700400000
000000100
000650040
309000000
080000000
Grid No. 421
380000002
000100000
000000400
007006500
000080010
000020000
000500730
240000000
800000000
Grid No. 422
602700000
000800130
000000090
400000700
030090000
000010000
500400600
010000020
000000000
Grid No. 423
000000031
028000000
000000000
000208400
730000060
000500000
160070000
000400200
300000000
Grid No. 424
060000300
008900000
000000000
000560070
120000000
300070000
000000603
009400000
000001200
Grid No. 425
000007093
010000006
000000040
309400000
000000100
200000000
000320000
500900000
070000800
Grid No. 426
840000060
000702000
000300000
500080000
100000009
000000200
000030040
007000300
020900000
Grid No. 427
083400000
000070050
000000000
040108000
000000027
000300000
206050000
500000800
000000100
Grid No. 428
600302000
040000080
000000000
702600000
000000054
300000000
080150000
000080200
000000700
Grid No. 429
003000007
000500010
080000000
000800300
060400000
100000000
500037000
000020600
002000800
Grid No. 430
900000004
000300800
000000000
007504000
000000710
000020090
000600300
490000000
200010000
Grid No. 431
900000004
000300600
000000000
007504000
000000710
000020090
000600800
490000000
200010000
Grid No. 432
000000208
000020500
040060000
020000090
000501000
000800000
803100000
500000700
000000040
Grid No. 433
902400000
000600001
000000000
760000000
000000540
000000200
830090007
000020080
000005000
Grid No. 434
000000801
000600000
000500000
000400050
090000040
020070000
300010700
500000100
406000000
Grid No. 435
000000801
000600000
000500000
000400050
090000040
020070000
300080700
500000100
406000000
Grid No. 436
000000801
000700000
000600000
000500060
090000050
020030000
400080100
600000300
507000000
Grid No. 437
000000801
000700000
000600000
000500060
090000050
020080000
400030100
600000300
507000000
Grid No. 438
060000300
004800000
000000000
000560070
120000000
300070000
000000603
009400000
000001200
Grid No. 439
000000230
010050000
700600000
000003409
600020000
008000000
000800061
002000000
050000000
Grid No. 440
004000530
080060000
000010000
100500700
200000006
000008000
030400080
600100000
000000000
Grid No. 441
000030002
600000500
010400000
000052700
074000000
000001000
000800010
203000000
500000000
Grid No. 442
600302000
040000010
000000000
702600000
000000054
300000000
080150000
000040200
000000700
Grid No. 443
503000000
100200000
000006000
400000035
060700000
000800010
020000700
000030200
000010000
Grid No. 444
501000000
000600080
000200000
000400620
300080000
900000000
040070000
020000400
000003009
Grid No. 445
100005090
000010004
000000000
000006150
004900000
020000000
080470000
500000800
000200000
Grid No. 446
000000230
010050000
400600000
000003408
600020000
007000000
000700061
002000000
050000000
Grid No. 447
000030002
600000500
010700000
000052400
074000000
000001000
000800010
203000000
500000000
Grid No. 448
100000028
000305000
000600000
820010000
000000340
000000000
064000500
003000701
000000000
Grid No. 449
050208000
000000700
000500000
700030600
000000280
001000000
400070001
080000050
000900000
Grid No. 450
000300710
006050000
000000000
000107300
085000000
000400000
060020008
700000400
100000000
Grid No. 451
801000000
000000270
000000090
600001400
090050000
000000000
200000106
050970000
000300000
Grid No. 452
051000000
000060400
000000000
400030001
600000080
000000059
080501000
700000600
000200000
Grid No. 453
080690000
500000010
000000000
030700800
000200000
100000000
400015000
000000308
000040600
Grid No. 454
000760200
400800000
150000000
000001040
030000800
020000000
000200003
700000010
000080000
Grid No. 455
000094030
510000000
000000000
603008000
000700900
000000100
000500020
000600008
400010000
Grid No. 456
070000001
400200000
000500000
205000300
000041000
600000000
010070000
008000020
000000560
Grid No. 457
060001000
000000020
000000400
000470800
090000001
000800000
400730000
100000590
000000006
Grid No. 458
500002700
010400000
000000000
260000800
000130000
000040000
000600031
009000040
700000000
Grid No. 459
070000810
040509000
000000000
601000000
000300400
200000000
500000060
000010002
000480000
Grid No. 460
500080200
740000000
000000000
002050000
000600007
800000040
060700000
001000500
000304000
Grid No. 461
000600010
072000000
080040000
500309000
000070800
600000000
300900005
040000700
000000000
Grid No. 462
000280030
105000600
000900000
080000320
700010000
000000000
400000105
020800000
000000000
Grid No. 463
090000002
500300000
000600000
306000400
000081000
700000000
080090000
002000030
000000670
Grid No. 464
000500480
200000500
100000000
030705000
000900000
000000000
009060001
000001060
080020000
Grid No. 465
100060070
702000000
400800000
300004000
060000090
000200000
000000402
050090000
000000600
Grid No. 466
000001060
000402000
080000003
000000120
040030000
000000700
201000500
000740000
600000000
Grid No. 467
000068070
520000900
000000000
001070000
000500200
040000000
800000006
900200000
006000030
Grid No. 468
670300000
400000080
000000019
001000700
000600200
500080000
090010000
000500400
000000000
Grid No. 469
300060000
000000104
000000900
041009008
000030020
000000000
050801000
200000060
000400000
Grid No. 470
000000038
004070000
000000050
100805000
060300000
007000000
320000700
000040600
500000000
Grid No. 471
000041000
200000500
000000000
500700300
000200060
000000001
061000040
040080000
000530000
Grid No. 472
000000304
000002000
000600000
001040000
000500020
000000680
000130500
260000007
800000000
Grid No. 473
000801000
070000400
060000000
800000002
000060700
300000000
050000690
100200000
000300080
Grid No. 474
000000052
400060000
000000010
070200000
600000400
000108000
018000000
000030700
502000000
Grid No. 475
001000045
200080000
000000000
000501000
300000800
000640000
054100000
060000070
000000200
Grid No. 476
050600000
000000730
000100000
000070800
060000050
100000000
700040200
004030000
000500060
Grid No. 477
060700080
034000000
000000000
500000020
000041000
000603000
000000104
900800000
000050300
Grid No. 478
207000600
000901000
800000000
600000720
010300000
000000000
040500009
000070800
000020000
Grid No. 479
000207004
030500000
600000900
150040000
020000070
000000300
800060000
000700050
000000000
Grid No. 480
050600070
038000000
000000000
400000020
000031000
000508000
000000103
900700000
000040800
Grid No. 481
602050000
000004030
000000000
430008000
010000200
000000700
500270000
000000081
000600000
Grid No. 482
602050000
000003040
000000000
430008000
010000200
000000700
500270000
000000081
000600000
Grid No. 483
600200010
030000000
000000700
200106000
070000305
000000900
801000000
000450000
000030000
Grid No. 484
000400030
051000000
008000000
000000013
900500000
000000680
070008200
400000500
000010000
Grid No. 485
020970000
000080010
000000300
000500200
701000000
840000000
900000007
100000080
000300000
Grid No. 486
003500000
000000206
081000000
560020000
000000010
700000000
000100080
000306000
400000700
Grid No. 487
000070810
042000000
000000000
800000060
000402000
000500001
000360400
025000000
100000000
Grid No. 488
000200050
400080000
000000000
051600000
000000403
000000800
600700100
030040000
700000090
Grid No. 489
400000800
000060070
000000300
900400006
000307000
000000010
000290004
007000500
010000000
Grid No. 490
000701000
060000400
050000000
700000002
000050600
300000000
040000580
100200000
000300070
Grid No. 491
000800010
206000000
500000000
040003000
700050000
000062000
010700000
000000205
003000600
Grid No. 492
000400600
001000000
500000000
000000035
070800000
000000210
200053000
000010007
060000400
Grid No. 493
058600100
010500004
000000020
700020030
060000000
000000000
000100500
300070000
200000000
Grid No. 494
060410070
000000300
000600000
200053000
070000060
000000001
305000200
800700000
000000000
Grid No. 495
000000072
080600000
010000000
400097000
000000800
300000000
703000040
000180600
000500000
Grid No. 496
000200500
100700000
030000800
050030400
000600002
080000000
200000010
607000000
000050000
Grid No. 497
000008700
200010000
104000000
000260300
050000600
800000000
030600000
000400020
000000010
Grid No. 498
270000000
000800600
035000000
600032000
400000100
000070005
000000037
000100000
000000020
Grid No. 499
607100000
000000048
000000000
000040020
000085000
100000000
000308700
045000600
020000000
Grid No. 500
020070500
090300000
000000100
400050000
000000036
000000090
060902000
100400000
500000000