Grid No. 1
069000000
000040030
080000000
000800610
400000900
500020000
200900005
000601000
000000000
Grid No. 2
600350000
200000080
000000001
500400300
000201070
000000000
017000000
000090500
080000000
Grid No. 3
700100000
000700300
000008400
200000050
000030600
100000000
060000010
030040000
000500070
Grid No. 4
720610000
000002005
000000090
015000200
000930000
000000040
300800000
000000100
900000000
Grid No. 5
000060008
040300000
010000500
000105040
600000200
700003000
200070000
000000010
000000600
Grid No. 6
000015009
700000400
000000000
003890700
050000000
000700000
000000320
100000050
090600000
Grid No. 7
000010407
020300000
060000008
030200000
500000100
000000000
400050000
100000080
000600020
Grid No. 8
000025010
030000000
000010000
040300600
070000400
500000000
800600000
000400300
100000020
Grid No. 9
031000005
000800020
000000000
200000100
700400000
000000083
000031900
640000000
000050000
Grid No. 10
080090100
600000030
000000000
020000908
000403000
000600000
801000000
000700020
590000000
Grid No. 11
100500300
000306000
200000000
600000002
000030040
000700000
003000780
040012000
000000000
Grid No. 12
000300200
910000000
000000000
047500000
001700000
000000890
000096004
200080000
000000010
Grid No. 13
500092000
100000600
000000000
000010092
800600000
000000050
020400300
070300000
009000000
Grid No. 14
000085000
900000300
000040000
081000040
000200070
000000008
200900600
000000503
040000000
Grid No. 15
035800000
000020700
000000000
400070001
700000060
000000050
280000400
000305000
000600000
Grid No. 16
100000800
002070000
000030500
430000070
000500100
000600000
600100000
050000030
000020000
Grid No. 17
010040670
300800000
000000500
000071000
900000030
000000000
040000200
000900008
007300000
Grid No. 18
700300000
000000140
000000000
000081300
200040000
570000000
060500007
001003000
000000020
Grid No. 19
800720000
000060030
000000600
030000500
000600400
200000000
004100000
000008020
060000070
Grid No. 20
013000500
000900040
000000000
000013008
620000000
000050000
400000063
700200000
000000100
Grid No. 21
100000072
700500000
000300000
000600803
400010000
000000000
003000500
020004000
000070040
Grid No. 22
089000700
000201000
000000000
510300060
000090400
200000000
100000020
300070000
000400000
Grid No. 23
000050060
402000000
000001000
000300204
018000000
000000700
050060010
700200400
000000000
Grid No. 24
700500008
300000060
000020000
670300000
000400200
000000100
042010000
000000073
000000000
Grid No. 25
600043000
000000100
000009000
007100200
300060000
020000000
400000035
000800060
000200000
Grid No. 26
350000020
000410000
900000000
000700104
820000000
000000600
001600200
000009050
000000000
Grid No. 27
800000305
000067000
000400000
070010060
500000800
000000000
060305000
002000010
000800000
Grid No. 28
080004050
000700300
000000000
010085000
600000200
000040000
302600000
000000041
700000000
Grid No. 29
040000860
000091000
700000000
300000001
020400000
000500000
109020000
000000540
200000000
Grid No. 30
070030400
800000090
000000000
600809000
001000503
000200000
053070000
000000100
000000080
Grid No. 31
300000004
070600000
000100000
008000010
000002300
000030000
050000160
200074000
000000800
Grid No. 32
050000200
600010000
000800000
070900000
000000031
000000460
000500702
300060000
100000000
Grid No. 33
002600030
400070000
000000000
000010407
083000000
000000100
000302060
750000000
000800000
Grid No. 34
000800090
420000000
600000000
010064000
007000030
000050000
500000604
200300000
000000100
Grid No. 35
000500002
010000070
003000000
007000160
000800400
500200000
000010300
860000000
200000000
Grid No. 36
100000060
000200000
000000700
000800207
070000400
300000000
000006031
020030050
008000000
Grid No. 37
000200600
304000000
010000008
200000700
000080040
000001000
000760500
060300000
000000010
Grid No. 38
400010070
020000500
000000000
300000001
000206000
000500600
000090040
205000000
068000000
Grid No. 39
600002700
008050000
040000000
700000200
000480000
000300000
200003000
000000049
100000030
Grid No. 40
640002300
000500000
000100000
105700000
000030200
800000000
000000017
030040000
000000050
Grid No. 41
500000079
000601000
400000000
000090300
700050000
080000600
062300000
000000050
010000000
Grid No. 42
002600030
400070000
000000000
000010705
034000000
000000100
000302060
750000000
000800000
Grid No. 43
030500000
000000004
000000060
604000100
000300700
200000000
000064020
000010300
080000005
Grid No. 44
100000730
000506000
000009000
000010003
000000056
400000000
060200000
000080400
590000000
Grid No. 45
800000400
000000607
000350000
030200050
600007000
000000000
010030020
700006000
400000000
Grid No. 46
040035000
600000100
000000000
100200000
008000004
000000030
035000070
000640200
000100000
Grid No. 47
400000600
000070050
000001000
000430200
017000000
050000030
800600300
000200000
000000010
Grid No. 48
090007001
062000000
000300000
000002500
800000300
000060080
000040020
500800000
300000000
Grid No. 49
700000010
000400003
000000000
140000060
000090200
080030000
600105000
000002800
000000300
Grid No. 50
078400000
000000100
000600000
100000340
000700005
200000000
060000084
300010000
000002000